Protocol:	no3 04.04.2025 14:42:58
Plate format:	96 Wells

Absorbances     Filter 1: 540nm

	1	2	3	4	5	6	7	8	9	10	11	12
A	0.092	0.167	0.107	0.101	0.093	0.103	0.120	0.084	0.113	0.099	0.168	0.090
B	0.098	0.158	0.105	0.092	0.093	0.099	0.118	0.084	0.112	0.100	0.164	0.097
C	0.105	0.181	0.103	0.092	0.092	0.104	0.116	0.084	0.110	0.096	0.161	0.104
D	0.123	0.195	0.102	0.095	0.094	0.101	0.116	0.084	0.111	0.098	0.161	0.119
E	0.158	0.080	0.081	0.082	0.081	0.081	0.080	0.083	0.080	0.080	0.081	0.154
F	0.239	0.081	0.081	0.081	0.081	0.080	0.080	0.083	0.081	0.081	0.081	0.233
G	0.402	0.081	0.082	0.081	0.081	0.080	0.081	0.084	0.080	0.081	0.081	0.386
H	0.560	0.081	0.082	0.082	0.080	0.081	0.081	0.084	0.082	0.081	0.081	0.542

