Protocol:	no3 04.04.2025 14:17:12
Plate format:	96 Wells

Absorbances     Filter 1: 540nm

	1	2	3	4	5	6	7	8	9	10	11	12
A	0.110	0.095	0.097	0.102	0.094	0.093	0.099	0.084	0.098	0.102	0.081	0.090
B	0.099	0.085	0.095	0.100	0.091	0.093	0.097	0.085	0.096	0.102	0.080	0.098
C	0.105	0.089	0.094	0.101	0.089	0.092	0.095	0.088	0.096	0.100	0.082	0.104
D	0.121	0.089	0.095	0.100	0.089	0.091	0.096	0.084	0.095	0.099	0.081	0.119
E	0.159	0.101	0.101	0.093	0.097	0.101	0.100	0.083	0.101	0.100	0.110	0.153
F	0.230	0.101	0.099	0.093	0.098	0.101	0.100	0.084	0.102	0.101	0.110	0.232
G	0.395	0.103	0.100	0.095	0.100	0.101	0.099	0.085	0.101	0.100	0.110	0.388
H	0.538	0.104	0.102	0.095	0.097	0.101	0.100	0.084	0.101	0.099	0.112	0.537

