Protocol:	no3 04.04.2025 14:18:12
Plate format:	96 Wells

Absorbances     Filter 1: 540nm

	1	2	3	4	5	6	7	8	9	10	11	12
A	0.092	0.118	0.138	0.108	0.098	0.104	0.107	0.084	0.121	0.119	0.081	0.091
B	0.098	0.116	0.135	0.108	0.097	0.103	0.107	0.084	0.117	0.117	0.081	0.098
C	0.104	0.114	0.133	0.107	0.096	0.104	0.106	0.084	0.116	0.114	0.081	0.105
D	0.118	0.114	0.131	0.107	0.096	0.103	0.104	0.083	0.116	0.114	0.081	0.120
E	0.153	0.097	0.095	0.113	0.096	0.092	0.092	0.084	0.091	0.142	0.081	0.156
F	0.228	0.097	0.094	0.113	0.096	0.094	0.093	0.008	0.091	0.141	0.081	0.236
G	0.377	0.098	0.095	0.114	0.097	0.094	0.096	0.084	0.092	0.140	0.081	0.397
H	0.522	0.097	0.097	0.116	0.096	0.094	0.095	0.083	0.092	0.143	0.082	0.546

